[[[4, 0], []]]
[[[4, 0], []], [[0, 4], []]]
[[[0, 4], []], [[4, 0], [[1, 1]]]]
[[[0, 4], []], [[4, 0], [[1, 1]]], [[3, 1], []]]
[[[4, 0], [[1, 1]]], [[3, 1], []], [[0, 4], [[3, 12]]]]
[[[4, 0], [[1, 1]]], [[3, 1], []], [[0, 4], [[3, 12]]], [[2, 3], []]]
[[[4, 0], [[1, 1]]], [[3, 1], []], [[0, 4], [[3, 12]]], [[2, 2], [[0, 1]]]]
[[[4, 0], [[1, 1]]], [[3, 1], []], [[2, 2], [[0, 1]]], [[0, 4], [[0, 9], [1, 1]]]]
[[[4, 0], [[1, 1]]], [[3, 1], []], [[2, 2], [[0, 1]]], [[0, 4], [[0, 9], [1, 1]]], [[1, 3], []]]
[[[4, 0], [[1, 1]]], [[2, 2], [[0, 1]]], [[0, 4], [[0, 9], [1, 1]]], [[1, 3], []], [[3, 1], [[0, 1]]]]
[[[4, 0], [[1, 1]]], [[2, 2], [[0, 1]]], [[0, 4], [[0, 9], [1, 1]]], [[3, 1], [[0, 1]]], [[1, 3], [[0, 1]]]]
[[[4, 0], [[1, 1]]], [[2, 2], [[0, 1]]], [[3, 1], [[0, 1]]], [[1, 3], [[0, 1]]], [[0, 4], [[0, 1], [1, 1]]]]
[[[2, 2], [[0, 1]]], [[3, 1], [[0, 1]]], [[1, 3], [[0, 1]]], [[0, 4], [[0, 1], [1, 1]]], [[4, 0], [[0, 1], [1, 1]]]]
solution: [12, 17]
sat

SLS = [[[2, 2], [[0, 1]]], [[3, 1], [[0, 1]]], [[1, 3], [[0, 1]]], [[0, 4], [[0, 1], [1, 1]]], [[4, 0], [[0, 1], [1, 1]]]]
