test_formula_2008 (linear_set_test.TestLinearSet.test_formula_2008) ... PROJECT_ROOT_PATH is set, using /home/mudathir/all/sls-reachability as cwd for execution payload
sls before: [[[0, 0, 0, 0, 0], []]]
sls after: [[[0, 0, 0, 0, 0], []]]
sls before: [[[0, 0, 0, 0, 0], []], [[0, 1, 0, 1, 0], []]]
sls after: [[[0, 0, 0, 0, 0], []], [[0, 1, 0, 1, 0], []]]
sls before: [[[0, 0, 0, 0, 0], []], [[0, 1, 0, 1, 0], []], [[1, 0, 1, 1, 1], []]]
sls after: [[[0, 0, 0, 0, 0], []], [[0, 1, 0, 1, 0], []], [[1, 0, 1, 1, 1], []]]
sls before: [[[0, 0, 0, 0, 0], []], [[0, 1, 0, 1, 0], []], [[1, 0, 1, 1, 1], []], [[0, 1, 1, 0, 0], []]]
sls after: [[[0, 1, 0, 1, 0], []], [[1, 0, 1, 1, 1], []], [[0, 0, 0, 0, 0], [[0, 1, 1, 0, 0]]]]
sls before: [[[0, 1, 0, 1, 0], []], [[1, 0, 1, 1, 1], []], [[0, 0, 0, 0, 0], [[0, 1, 1, 0, 0]]], [[0, 1, 2, 0, 1], []]]
sls after: [[[0, 1, 0, 1, 0], []], [[1, 0, 1, 1, 1], []], [[0, 0, 0, 0, 0], [[0, 1, 1, 0, 0]]], [[0, 1, 2, 0, 1], []]]
sls before: [[[0, 1, 0, 1, 0], []], [[1, 0, 1, 1, 1], []], [[0, 0, 0, 0, 0], [[0, 1, 1, 0, 0]]], [[0, 1, 2, 0, 1], []], [[3, 0, 4, 1, 1], []]]
sls after: [[[0, 1, 0, 1, 0], []], [[0, 0, 0, 0, 0], [[0, 1, 1, 0, 0]]], [[0, 1, 2, 0, 1], []], [[1, 0, 1, 1, 1], [[2, 0, 3, 0, 0]]]]
sls before: [[[0, 1, 0, 1, 0], []], [[0, 0, 0, 0, 0], [[0, 1, 1, 0, 0]]], [[0, 1, 2, 0, 1], []], [[1, 0, 1, 1, 1], [[2, 0, 3, 0, 0]]], [[0, 0, 2, 0, 1], []]]
sls after: [[[0, 1, 0, 1, 0], []], [[0, 0, 0, 0, 0], [[0, 1, 1, 0, 0]]], [[0, 1, 2, 0, 1], []], [[1, 0, 1, 1, 1], [[2, 0, 3, 0, 0]]], [[0, 0, 2, 0, 1], []]]
sls before: [[[0, 1, 0, 1, 0], []], [[0, 0, 0, 0, 0], [[0, 1, 1, 0, 0]]], [[0, 1, 2, 0, 1], []], [[1, 0, 1, 1, 1], [[2, 0, 3, 0, 0]]], [[0, 0, 2, 0, 1], []], [[0, 2, 8, 0, 1], []]]
sls after: [[[0, 1, 0, 1, 0], []], [[0, 0, 0, 0, 0], [[0, 1, 1, 0, 0]]], [[1, 0, 1, 1, 1], [[2, 0, 3, 0, 0]]], [[0, 0, 2, 0, 1], []], [[0, 1, 2, 0, 1], [[0, 1, 6, 0, 0]]]]
sls before: [[[0, 1, 0, 1, 0], []], [[0, 0, 0, 0, 0], [[0, 1, 1, 0, 0]]], [[1, 0, 1, 1, 1], [[2, 0, 3, 0, 0]]], [[0, 0, 2, 0, 1], []], [[0, 1, 2, 0, 1], [[0, 1, 6, 0, 0]]], [[2, 2, 0, 0, 0], []]]
sls after: [[[0, 1, 0, 1, 0], []], [[1, 0, 1, 1, 1], [[2, 0, 3, 0, 0]]], [[0, 0, 2, 0, 1], []], [[0, 1, 2, 0, 1], [[0, 1, 6, 0, 0]]], [[0, 0, 0, 0, 0], [[0, 1, 1, 0, 0], [2, 2, 0, 0, 0]]]]
sls before: [[[0, 1, 0, 1, 0], []], [[1, 0, 1, 1, 1], [[2, 0, 3, 0, 0]]], [[0, 0, 2, 0, 1], []], [[0, 1, 2, 0, 1], [[0, 1, 6, 0, 0]]], [[0, 0, 0, 0, 0], [[0, 1, 1, 0, 0], [2, 2, 0, 0, 0]]], [[5, 5, 0, 0, 0], []]]
sls after: [[[0, 1, 0, 1, 0], []], [[1, 0, 1, 1, 1], [[2, 0, 3, 0, 0]]], [[0, 0, 2, 0, 1], []], [[0, 1, 2, 0, 1], [[0, 1, 6, 0, 0]]], [[0, 0, 0, 0, 0], [[0, 1, 1, 0, 0], [1, 1, 0, 0, 0]]]]
sls before: [[[0, 1, 0, 1, 0], []], [[1, 0, 1, 1, 1], [[2, 0, 3, 0, 0]]], [[0, 0, 2, 0, 1], []], [[0, 1, 2, 0, 1], [[0, 1, 6, 0, 0]]], [[0, 0, 0, 0, 0], [[0, 1, 1, 0, 0], [1, 1, 0, 0, 0]]], [[1, 0, 3, 1, 1], []]]
sls after: [[[0, 1, 0, 1, 0], []], [[0, 0, 2, 0, 1], []], [[0, 1, 2, 0, 1], [[0, 1, 6, 0, 0]]], [[0, 0, 0, 0, 0], [[0, 1, 1, 0, 0], [1, 1, 0, 0, 0]]], [[1, 0, 1, 1, 1], [[0, 0, 2, 0, 0], [2, 0, 1, 0, 0]]]]
sls before: [[[0, 1, 0, 1, 0], []], [[0, 0, 2, 0, 1], []], [[0, 1, 2, 0, 1], [[0, 1, 6, 0, 0]]], [[0, 0, 0, 0, 0], [[0, 1, 1, 0, 0], [1, 1, 0, 0, 0]]], [[1, 0, 1, 1, 1], [[0, 0, 2, 0, 0], [2, 0, 1, 0, 0]]], [[8, 14, 1, 1, 0], []]]
sls after: [[[0, 0, 2, 0, 1], []], [[0, 1, 2, 0, 1], [[0, 1, 6, 0, 0]]], [[0, 0, 0, 0, 0], [[0, 1, 1, 0, 0], [1, 1, 0, 0, 0]]], [[1, 0, 1, 1, 1], [[0, 0, 2, 0, 0], [2, 0, 1, 0, 0]]], [[0, 1, 0, 1, 0], [[8, 13, 1, 0, 0]]]]
sls before: [[[0, 0, 2, 0, 1], []], [[0, 1, 2, 0, 1], [[0, 1, 6, 0, 0]]], [[0, 0, 0, 0, 0], [[0, 1, 1, 0, 0], [1, 1, 0, 0, 0]]], [[1, 0, 1, 1, 1], [[0, 0, 2, 0, 0], [2, 0, 1, 0, 0]]], [[0, 1, 0, 1, 0], [[8, 13, 1, 0, 0]]], [[0, 0, 1, 0, 1], []]]
sls after: [[[0, 0, 0, 0, 0], [[0, 1, 1, 0, 0], [1, 1, 0, 0, 0]]], [[1, 0, 1, 1, 1], [[0, 0, 2, 0, 0], [2, 0, 1, 0, 0]]], [[0, 1, 0, 1, 0], [[8, 13, 1, 0, 0]]], [[0, 0, 1, 0, 1], [[0, 0, 1, 0, 0], [0, 1, 1, 0, 0]]]]
sls before: [[[0, 0, 0, 0, 0], [[0, 1, 1, 0, 0], [1, 1, 0, 0, 0]]], [[1, 0, 1, 1, 1], [[0, 0, 2, 0, 0], [2, 0, 1, 0, 0]]], [[0, 1, 0, 1, 0], [[8, 13, 1, 0, 0]]], [[0, 0, 1, 0, 1], [[0, 0, 1, 0, 0], [0, 1, 1, 0, 0]]], [[2, 5, 0, 1, 0], []]]
sls after: [[[0, 0, 0, 0, 0], [[0, 1, 1, 0, 0], [1, 1, 0, 0, 0]]], [[1, 0, 1, 1, 1], [[0, 0, 2, 0, 0], [2, 0, 1, 0, 0]]], [[0, 0, 1, 0, 1], [[0, 0, 1, 0, 0], [0, 1, 1, 0, 0]]], [[0, 1, 0, 1, 0], [[2, 1, 1, 0, 0], [2, 4, 0, 0, 0]]]]
sls before: [[[0, 0, 0, 0, 0], [[0, 1, 1, 0, 0], [1, 1, 0, 0, 0]]], [[1, 0, 1, 1, 1], [[0, 0, 2, 0, 0], [2, 0, 1, 0, 0]]], [[0, 0, 1, 0, 1], [[0, 0, 1, 0, 0], [0, 1, 1, 0, 0]]], [[0, 1, 0, 1, 0], [[2, 1, 1, 0, 0], [2, 4, 0, 0, 0]]], [[21, 0, 0, 1, 0], []]]
sls after: [[[0, 0, 0, 0, 0], [[0, 1, 1, 0, 0], [1, 1, 0, 0, 0]]], [[1, 0, 1, 1, 1], [[0, 0, 2, 0, 0], [2, 0, 1, 0, 0]]], [[0, 0, 1, 0, 1], [[0, 0, 1, 0, 0], [0, 1, 1, 0, 0]]], [[0, 1, 0, 1, 0], [[2, 1, 1, 0, 0], [2, 4, 0, 0, 0]]], [[21, 0, 0, 1, 0], []]]
sls before: [[[0, 0, 0, 0, 0], [[0, 1, 1, 0, 0], [1, 1, 0, 0, 0]]], [[1, 0, 1, 1, 1], [[0, 0, 2, 0, 0], [2, 0, 1, 0, 0]]], [[0, 0, 1, 0, 1], [[0, 0, 1, 0, 0], [0, 1, 1, 0, 0]]], [[0, 1, 0, 1, 0], [[2, 1, 1, 0, 0], [2, 4, 0, 0, 0]]], [[21, 0, 0, 1, 0], []], [[65263, 1, 32631, 1, 1], []]]
sls after: [[[0, 0, 0, 0, 0], [[0, 1, 1, 0, 0], [1, 1, 0, 0, 0]]], [[0, 0, 1, 0, 1], [[0, 0, 1, 0, 0], [0, 1, 1, 0, 0]]], [[0, 1, 0, 1, 0], [[2, 1, 1, 0, 0], [2, 4, 0, 0, 0]]], [[21, 0, 0, 1, 0], []], [[1, 0, 1, 1, 1], [[0, 0, 2, 0, 0], [2, 0, 1, 0, 0], [65260, 1, 1, 0, 0]]]]
sls before: [[[0, 0, 0, 0, 0], [[0, 1, 1, 0, 0], [1, 1, 0, 0, 0]]], [[0, 0, 1, 0, 1], [[0, 0, 1, 0, 0], [0, 1, 1, 0, 0]]], [[0, 1, 0, 1, 0], [[2, 1, 1, 0, 0], [2, 4, 0, 0, 0]]], [[21, 0, 0, 1, 0], []], [[1, 0, 1, 1, 1], [[0, 0, 2, 0, 0], [2, 0, 1, 0, 0], [65260, 1, 1, 0, 0]]], [[0, 44, 0, 1, 0], []]]
sls after: [[[0, 0, 0, 0, 0], [[0, 1, 1, 0, 0], [1, 1, 0, 0, 0]]], [[0, 0, 1, 0, 1], [[0, 0, 1, 0, 0], [0, 1, 1, 0, 0]]], [[0, 1, 0, 1, 0], [[2, 1, 1, 0, 0], [2, 4, 0, 0, 0]]], [[21, 0, 0, 1, 0], []], [[1, 0, 1, 1, 1], [[0, 0, 2, 0, 0], [2, 0, 1, 0, 0], [65260, 1, 1, 0, 0]]], [[0, 44, 0, 1, 0], []]]
sls before: [[[0, 0, 0, 0, 0], [[0, 1, 1, 0, 0], [1, 1, 0, 0, 0]]], [[0, 0, 1, 0, 1], [[0, 0, 1, 0, 0], [0, 1, 1, 0, 0]]], [[0, 1, 0, 1, 0], [[2, 1, 1, 0, 0], [2, 4, 0, 0, 0]]], [[21, 0, 0, 1, 0], []], [[1, 0, 1, 1, 1], [[0, 0, 2, 0, 0], [2, 0, 1, 0, 0], [65260, 1, 1, 0, 0]]], [[0, 44, 0, 1, 0], []], [[243, 1, 0, 1, 0], []]]
sls after: [[[0, 0, 0, 0, 0], [[0, 1, 1, 0, 0], [1, 1, 0, 0, 0]]], [[0, 0, 1, 0, 1], [[0, 0, 1, 0, 0], [0, 1, 1, 0, 0]]], [[0, 1, 0, 1, 0], [[2, 1, 1, 0, 0], [2, 4, 0, 0, 0]]], [[1, 0, 1, 1, 1], [[0, 0, 2, 0, 0], [2, 0, 1, 0, 0], [65260, 1, 1, 0, 0]]], [[0, 44, 0, 1, 0], []], [[21, 0, 0, 1, 0], [[222, 1, 0, 0, 0]]]]
sls before: [[[0, 0, 0, 0, 0], [[0, 1, 1, 0, 0], [1, 1, 0, 0, 0]]], [[0, 0, 1, 0, 1], [[0, 0, 1, 0, 0], [0, 1, 1, 0, 0]]], [[0, 1, 0, 1, 0], [[2, 1, 1, 0, 0], [2, 4, 0, 0, 0]]], [[1, 0, 1, 1, 1], [[0, 0, 2, 0, 0], [2, 0, 1, 0, 0], [65260, 1, 1, 0, 0]]], [[0, 44, 0, 1, 0], []], [[21, 0, 0, 1, 0], [[222, 1, 0, 0, 0]]], [[90, 0, 0, 1, 0], []]]
sls after: [[[0, 0, 0, 0, 0], [[0, 1, 1, 0, 0], [1, 1, 0, 0, 0]]], [[0, 0, 1, 0, 1], [[0, 0, 1, 0, 0], [0, 1, 1, 0, 0]]], [[0, 1, 0, 1, 0], [[2, 1, 1, 0, 0], [2, 4, 0, 0, 0]]], [[1, 0, 1, 1, 1], [[0, 0, 2, 0, 0], [2, 0, 1, 0, 0], [65260, 1, 1, 0, 0]]], [[0, 44, 0, 1, 0], []], [[21, 0, 0, 1, 0], [[15, 1, 0, 0, 0], [69, 0, 0, 0, 0]]]]
sls before: [[[0, 0, 0, 0, 0], [[0, 1, 1, 0, 0], [1, 1, 0, 0, 0]]], [[0, 0, 1, 0, 1], [[0, 0, 1, 0, 0], [0, 1, 1, 0, 0]]], [[0, 1, 0, 1, 0], [[2, 1, 1, 0, 0], [2, 4, 0, 0, 0]]], [[1, 0, 1, 1, 1], [[0, 0, 2, 0, 0], [2, 0, 1, 0, 0], [65260, 1, 1, 0, 0]]], [[0, 44, 0, 1, 0], []], [[21, 0, 0, 1, 0], [[15, 1, 0, 0, 0], [69, 0, 0, 0, 0]]], [[2, 0, 0, 1, 0], []]]
sls after: [[[0, 0, 0, 0, 0], [[0, 1, 1, 0, 0], [1, 1, 0, 0, 0]]], [[0, 0, 1, 0, 1], [[0, 0, 1, 0, 0], [0, 1, 1, 0, 0]]], [[0, 1, 0, 1, 0], [[2, 1, 1, 0, 0], [2, 4, 0, 0, 0]]], [[1, 0, 1, 1, 1], [[0, 0, 2, 0, 0], [2, 0, 1, 0, 0], [65260, 1, 1, 0, 0]]], [[0, 44, 0, 1, 0], []], [[2, 0, 0, 1, 0], [[1, 0, 0, 0, 0], [1, 1, 0, 0, 0]]]]
sls before: [[[0, 0, 0, 0, 0], [[0, 1, 1, 0, 0], [1, 1, 0, 0, 0]]], [[0, 0, 1, 0, 1], [[0, 0, 1, 0, 0], [0, 1, 1, 0, 0]]], [[0, 1, 0, 1, 0], [[2, 1, 1, 0, 0], [2, 4, 0, 0, 0]]], [[1, 0, 1, 1, 1], [[0, 0, 2, 0, 0], [2, 0, 1, 0, 0], [65260, 1, 1, 0, 0]]], [[0, 44, 0, 1, 0], []], [[2, 0, 0, 1, 0], [[1, 0, 0, 0, 0], [1, 1, 0, 0, 0]]], [[0, 130, 0, 1, 0], []]]ERROR

======================================================================
ERROR: test_formula_2008 (linear_set_test.TestLinearSet.test_formula_2008)
----------------------------------------------------------------------
Traceback (most recent call last):
  File "/home/mudathir/all/sls-reachability/linear_set_test.py", line 108, in test_formula_2008
    result = returnSolution(list(zip(A.args, X)), sls)
             ^^^^^^^^^^^^^^^^^^^^^^^^^^^^^^^^^^^^^^^^^
  File "/home/mudathir/all/sls-reachability/lia_star_solver.py", line 121, in returnSolution
    exit(0)
  File "<frozen _sitebuiltins>", line 26, in __call__
SystemExit: 0

----------------------------------------------------------------------
Ran 1 test in 82.926s

FAILED (errors=1)

sls after: [[[0, 0, 0, 0, 0], [[0, 1, 1, 0, 0], [1, 1, 0, 0, 0]]], [[0, 0, 1, 0, 1], [[0, 0, 1, 0, 0], [0, 1, 1, 0, 0]]], [[0, 1, 0, 1, 0], [[2, 1, 1, 0, 0], [2, 4, 0, 0, 0]]], [[1, 0, 1, 1, 1], [[0, 0, 2, 0, 0], [2, 0, 1, 0, 0], [65260, 1, 1, 0, 0]]], [[1, 0, 0, 1, 0], [[1, 0, 0, 0, 0], [1, 1, 0, 0, 0]]], [[0, 44, 0, 1, 0], [[0, 86, 0, 0, 0]]]]
sls before: [[[0, 0, 0, 0, 0], [[0, 1, 1, 0, 0], [1, 1, 0, 0, 0]]], [[0, 0, 1, 0, 1], [[0, 0, 1, 0, 0], [0, 1, 1, 0, 0]]], [[0, 1, 0, 1, 0], [[2, 1, 1, 0, 0], [2, 4, 0, 0, 0]]], [[1, 0, 1, 1, 1], [[0, 0, 2, 0, 0], [2, 0, 1, 0, 0], [65260, 1, 1, 0, 0]]], [[1, 0, 0, 1, 0], [[1, 0, 0, 0, 0], [1, 1, 0, 0, 0]]], [[0, 44, 0, 1, 0], [[0, 86, 0, 0, 0]]], [[1, 2871627, 0, 1, 0], []]]
sls after: [[[0, 0, 0, 0, 0], [[0, 1, 1, 0, 0], [1, 1, 0, 0, 0]]], [[0, 0, 1, 0, 1], [[0, 0, 1, 0, 0], [0, 1, 1, 0, 0]]], [[0, 1, 0, 1, 0], [[2, 1, 1, 0, 0], [2, 4, 0, 0, 0]]], [[1, 0, 1, 1, 1], [[0, 0, 2, 0, 0], [2, 0, 1, 0, 0], [65260, 1, 1, 0, 0]]], [[1, 0, 0, 1, 0], [[1, 0, 0, 0, 0], [1, 1, 0, 0, 0]]], [[0, 44, 0, 1, 0], [[0, 86, 0, 0, 0], [1, 43, 0, 0, 0]]]]
sls before: [[[0, 0, 0, 0, 0], [[0, 1, 1, 0, 0], [1, 1, 0, 0, 0]]], [[0, 0, 1, 0, 1], [[0, 0, 1, 0, 0], [0, 1, 1, 0, 0]]], [[0, 1, 0, 1, 0], [[2, 1, 1, 0, 0], [2, 4, 0, 0, 0]]], [[1, 0, 1, 1, 1], [[0, 0, 2, 0, 0], [2, 0, 1, 0, 0], [65260, 1, 1, 0, 0]]], [[1, 0, 0, 1, 0], [[1, 0, 0, 0, 0], [1, 1, 0, 0, 0]]], [[0, 44, 0, 1, 0], [[0, 86, 0, 0, 0], [1, 43, 0, 0, 0]]], [[0, 87, 0, 1, 0], []]]
sls after: [[[0, 0, 0, 0, 0], [[0, 1, 1, 0, 0], [1, 1, 0, 0, 0]]], [[0, 0, 1, 0, 1], [[0, 0, 1, 0, 0], [0, 1, 1, 0, 0]]], [[1, 0, 1, 1, 1], [[0, 0, 2, 0, 0], [2, 0, 1, 0, 0], [65260, 1, 1, 0, 0]]], [[1, 0, 0, 1, 0], [[1, 0, 0, 0, 0], [1, 1, 0, 0, 0]]], [[0, 44, 0, 1, 0], [[0, 86, 0, 0, 0], [1, 43, 0, 0, 0]]], [[0, 1, 0, 1, 0], [[0, 86, 0, 0, 0], [2, 1, 1, 0, 0], [2, 4, 0, 0, 0]]]]
sls before: [[[0, 0, 0, 0, 0], [[0, 1, 1, 0, 0], [1, 1, 0, 0, 0]]], [[0, 0, 1, 0, 1], [[0, 0, 1, 0, 0], [0, 1, 1, 0, 0]]], [[1, 0, 1, 1, 1], [[0, 0, 2, 0, 0], [2, 0, 1, 0, 0], [65260, 1, 1, 0, 0]]], [[1, 0, 0, 1, 0], [[1, 0, 0, 0, 0], [1, 1, 0, 0, 0]]], [[0, 44, 0, 1, 0], [[0, 86, 0, 0, 0], [1, 43, 0, 0, 0]]], [[0, 1, 0, 1, 0], [[0, 86, 0, 0, 0], [2, 1, 1, 0, 0], [2, 4, 0, 0, 0]]], [[1, 3, 0, 1, 0], []]]
sls after: [[[0, 0, 0, 0, 0], [[0, 1, 1, 0, 0], [1, 1, 0, 0, 0]]], [[0, 0, 1, 0, 1], [[0, 0, 1, 0, 0], [0, 1, 1, 0, 0]]], [[1, 0, 1, 1, 1], [[0, 0, 2, 0, 0], [2, 0, 1, 0, 0], [65260, 1, 1, 0, 0]]], [[1, 0, 0, 1, 0], [[1, 0, 0, 0, 0], [1, 1, 0, 0, 0]]], [[0, 44, 0, 1, 0], [[0, 86, 0, 0, 0], [1, 43, 0, 0, 0]]], [[0, 1, 0, 1, 0], [[0, 86, 0, 0, 0], [2, 1, 1, 0, 0], [2, 4, 0, 0, 0]]], [[1, 3, 0, 1, 0], []]]
sls before: [[[0, 0, 0, 0, 0], [[0, 1, 1, 0, 0], [1, 1, 0, 0, 0]]], [[0, 0, 1, 0, 1], [[0, 0, 1, 0, 0], [0, 1, 1, 0, 0]]], [[1, 0, 1, 1, 1], [[0, 0, 2, 0, 0], [2, 0, 1, 0, 0], [65260, 1, 1, 0, 0]]], [[1, 0, 0, 1, 0], [[1, 0, 0, 0, 0], [1, 1, 0, 0, 0]]], [[0, 44, 0, 1, 0], [[0, 86, 0, 0, 0], [1, 43, 0, 0, 0]]], [[0, 1, 0, 1, 0], [[0, 86, 0, 0, 0], [2, 1, 1, 0, 0], [2, 4, 0, 0, 0]]], [[1, 3, 0, 1, 0], []], [[0, 43, 0, 1, 0], []]]
sls after: [[[0, 0, 0, 0, 0], [[0, 1, 1, 0, 0], [1, 1, 0, 0, 0]]], [[0, 0, 1, 0, 1], [[0, 0, 1, 0, 0], [0, 1, 1, 0, 0]]], [[1, 0, 1, 1, 1], [[0, 0, 2, 0, 0], [2, 0, 1, 0, 0], [65260, 1, 1, 0, 0]]], [[1, 0, 0, 1, 0], [[1, 0, 0, 0, 0], [1, 1, 0, 0, 0]]], [[0, 1, 0, 1, 0], [[0, 86, 0, 0, 0], [2, 1, 1, 0, 0], [2, 4, 0, 0, 0]]], [[1, 3, 0, 1, 0], []], [[0, 1, 0, 1, 0], [[0, 1, 0, 0, 0], [1, 1, 0, 0, 0]]]]
solution: [65272, 100, 10, 4, 2]
sat

SLS = 
[[[0, 0, 0, 0, 0], [[0, 1, 1, 0, 0], [1, 1, 0, 0, 0]]], [[0, 0, 1, 0, 1], [[0, 0, 1, 0, 0], [0, 1, 1, 0, 0]]], [[1, 0, 1, 1, 1], [[0, 0, 2, 0, 0], [2, 0, 1, 0, 0], [65260, 1, 1, 0, 0]]], [[1, 0, 0, 1, 0], [[1, 0, 0, 0, 0], [1, 1, 0, 0, 0]]], [[0, 1, 0, 1, 0], [[0, 86, 0, 0, 0], [2, 1, 1, 0, 0], [2, 4, 0, 0, 0]]], [[1, 3, 0, 1, 0], []], [[0, 1, 0, 1, 0], [[0, 1, 0, 0, 0], [1, 1, 0, 0, 0]]]]
Finished running tests!
